package org.usfirst.frc.team910.robot.util;


public class Profile {							
/*	OLD NO WORKO											//maxAccel, maxVeloc, dist, startPos, startVeloc, endVeloc	
	public static final double [][] centerSwitchR = {{500, 80, 24, 0, 0, 80},//L
												    {500, 80, 24, 0, 0, 80},//R
												    {500, 80, 81, 25.5, 70, 80},//L
												    {500, 68.891, 69.5, 25.5, 70,80},//R
												    {500, 62.718, 45, 106.9, 80, 0},//L
												    {500, 80, 55, 96.079, 86.482, 0}//R
												                                   };
*/	
	public static final double [][] test = {{100.0,100.0,24.0,0.0,0.0,100.0},
			{100.0,100.0,24.0,0.0,0.0,100.0},
			{100.0,100.0,123.0,24.49999999999999,70.0,0.0},
			{100.0,52.046875,80.0,24.49999999999999,70.0,0.0}};
	
	public static final double[][] testStraight =
		{{175.0,90.0,120.0,0.0,0.0,0.0},
		 {175.0,90.0,120.0,0.0,0.0,0.0}
		};
	
	public static final double [][] centerSwitchL ={{200.0,120.0,5.0,0.0,0.0,120.0},
			{200.0,120.0,5.0,0.0,0.0,120.0},
			{100.0,28.1953125,45.0,5.76,48.0,60.0},
			{100.0,60.0,80.0,5.76,48.0,60.0},
			{100.0,60.0,80.0,51.54389529243757,61.292569357855314,30.0},
			{100.0,28.1953125,45.0,86.64000000000011,60.0,30.0},
			{200.0,120.0,5.0,131.89110317390055,28.819410537125854,0.0},
			{200.0,120.0,5.0,131.7592235135388,30.39481374688341,0.0}};
	
	
	public static final double[][] centerSwitchR = {{140.0,120.0,5.0,0.0,0.0,120.0},
			{140.0,120.0,5.0,0.0,0.0,120.0},
			{100.0,60.0,62.0,5.487999999999999,39.199999999999996,60.0},
			{100.0,31.421875,38.0,5.487999999999999,39.199999999999996,60.0},
			{100.0,25.890625,37.0,68.12480000000006,60.0,35.0},
			{100.0,60.0,68.0,44.10746282018674,61.023704935355575,35.0},
			{140.0,120.0,10.0,105.53832359330417,36.16220013578854,0.0},
			{140.0,120.0,10.0,112.61017465168068,33.53293356837752,0.0}};
	
	
	public static final double [][] straightScaleL = {{300.0,120.0,227.0,0.0,0.0,60.0},
			{300.0,120.0,227.0,0.0,0.0,60.0},
			{300.0,36.0,38.0,228.0495833333335,54.49999999999919,0.0},
			{300.0,16.5859375,20.0,228.0495833333335,54.49999999999919,0.0}};
	
	public static final double curvedStraightScaleL[][] = {{200.0,100.0,173.0,0.0,0.0,70.0},
			{200.0,100.0,173.0,0.0,0.0,70.0},
			{100.0,60.0,65.0,174.19437500000004,66.5,40.0},
			{100.0,25.890625,38.0,174.19437500000004,66.5,40.0},
			{100.0,21.109375,38.0,239.46619268663156,39.31458333333413,0.0},
			{100.0,40.0,65.0,212.56705784840435,40.9211017652366,0.0}};
	
	public static final double straightScaleLeftFast[][] = {{140.0,90.0,110.0,0.0,0.0,90.0},
			{140.0,90.0,110.0,0.0,0.0,90.0},
			{100.0,90.0,160.0,111.47142857142843,90.0,0.0},
			{100.0,82.3515625,150.0,111.47142857142843,90.0,0.0}};
	
	public static final double straightScaleRightFast[][] = {{140.0,90.0,110.0,0.0,0.0,90.0},
			{140.0,90.0,110.0,0.0,0.0,90.0},
			{100.0,82.3515625,150.0,111.47142857142843,90.0,0.0},
			{100.0,90.0,160.0,111.47142857142843,90.0,0.0}};
	
	public static final double [][] straightScaleR = {{200.0,120.0,232.0,0.0,0.0,60.0},
			{200.0,120.0,232.0,0.0,0.0,60.0},
			{100.0,5.1015625,20.0,232.68638888888913,57.66666666666619,0.0},
			{100.0,36.0,40.0,232.68638888888913,57.66666666666619,0.0}};
	
	public static final double [][] curvedStraightScaleR ={{200.0,100.0,170.0,0.0,0.0,70.0},
			{200.0,100.0,170.0,0.0,0.0,70.0},
			{100.0,24.046875,38.0,170.51937500000008,68.5,40.0},
			{100.0,60.0,65.0,170.51937500000008,68.5,40.0},
			{100.0,40.0,65.0,208.66208264270824,40.35519208901894,0.0},
			{100.0,21.109375,38.0,235.88916664496494,39.06458333333412,0.0}};
	
	public static final double [][] leftToRightScale = {{140.0,90.0,174.0,0.0,0.0,75.0},
			{140.0,90.0,174.0,0.0,0.0,75.0},
			{100.0,75.0,101.0,175.20459424603186,72.71666666666657,75.0},
			{100.0,26.4375,58.0,175.20459424603186,72.71666666666657,75.0},
			{140.0,90.0,115.0,277.1785261904763,75.0,60.0},
			{140.0,90.0,115.0,234.51131133083442,76.72250919358976,60.0},
			{100.0,18.9765625,39.0,393.2116557098769,57.53888888888788,0.0},
			{100.0,60.0,87.0,350.65539432765183,57.2682875673009,0.0}};
	
	public static final double [][] rightToLeftScale ={{140.0,90.0,174.0,0.0,0.0,75.0},
			{140.0,90.0,174.0,0.0,0.0,75.0},
			{100.0,26.4375,58.0,175.20459424603186,72.71666666666657,75.0},
			{100.0,75.0,101.0,175.20459424603186,72.71666666666657,75.0},
			{140.0,90.0,115.0,234.51131133083442,76.72250919358976,60.0},
			{140.0,90.0,115.0,277.1785261904763,75.0,60.0},
			{100.0,60.0,87.0,350.65539432765183,57.2682875673009,0.0},
			{100.0,18.9765625,39.0,393.2116557098769,57.53888888888788,0.0}};
	
	public static final double [][] straightSwitchR ={{300.0,120.0,77.0,0.0,0.0,80.0},
			{300.0,120.0,77.0,0.0,0.0,80.0},
			{300.0,22.203125,30.0,78.24995370370368,75.16666666666671,0.0},
			{300.0,60.0,65.0,78.24995370370368,75.16666666666671,0.0}};
	
	public static final double [][] straightSwitchL = {{300.0,120.0,147.0,0.0,0.0,80.0},
													  {300.0,120.0,147.0,0.0,0.0,80.0},
													  {300.0,60.0,40.0,147.99773148148157,76.16666666666629,0.0},
													  {300.0,20.8203125,20.0,147.99773148148157,76.16666666666629,0.0}};
	
	public static final double [][] leftScaleRightSwitch = {{140.0,75.0,155.0,0.0,0.0,50.0},
			{140.0,75.0,155.0,0.0,0.0,50.0},
			{100.0,50.0,86.0,155.76842857142867,47.800000000000054,0.0},
			{100.0,11.71875,29.0,155.76842857142867,47.800000000000054,0.0}};
	
	public static final double [][] leftSideSwitch = {{140.0,75.0,105.0,0.0,0.0,50.0},
			{140.0,75.0,105.0,0.0,0.0,50.0},
			{100.0,50.0,70.0,105.11865079365074,49.6666666666667,0.0},
			{100.0,10.953125,25.0,105.11865079365074,49.6666666666667,0.0}};
	
	public static final double [][] straightScaleZoom = {{140.0,90.0,310.0,0.0,0.0,0.0},
			{140.0,90.0,310.0,0.0,0.0,0.0}};
	
	public static final double [][] leftSideSwitchLoop = {{100.0,40.3515625,185.0,0.0,0.0,0.0},
			{100.0,70.0,300.0,0.0,0.0,0.0}};
	
	public static final double [][] left1ToScale = {{100.0,40.0,60.0,0.0,0.0,0.0},
												   {100.0,31.46875,50.0,0.0,0.0,0.0}};
			
	public static final double [][] right1ToScale = {{100.0,31.46875,50.0,0.0,0.0,0.0},
													{100.0,40.0,60.0,0.0,0.0,0.0}};			
}